0.18
0.12
0.1
0.1
0.12
0.12
0.18
0.08
0.08
0.23866666666666667
0.08
0.34
0.1
0.16
0.12
0.2
0.1
0.26
0.14
0.18
0.08
0.22
0.2
0.12
0.16
0.2
0.22
0.14
0.1
0.08
0.38
0.1
0.16
0.3
0.08
0.1
0.26
0.08
0.1
0.16
0.18
0.1
0.08
0.06
0.14
0.1
0.1
0.14
0.2
0.08
0.08
0.12
0.18
0.08
0.12
0.08
0.1
0.1
0.12
0.08
0.18
0.08
0.14
0.1
0.14
0.12
0.28
0.2
0.08
0.22
0.08
0.16
0.16
0.14
0.14
0.08
0.14
0.12
0.08
0.13416666666666666
0.12
0.08
0.12
0.12
0.12
0.24
0.12
0.1
0.08
0.2
0.14
0.08
0.12
0.08
0.12
0.1
0.12
0.18
0.18
0.18
0.22
0.1
0.2
0.1
0.24
0.1
0.08
0.24
0.1
0.16
0.28
0.18
0.06
0.1
0.14
0.08
0.12
0.1
0.12
0.12
0.1
0.24
0.06
0.12
0.1
0.09333333333333332
0.12
0.06
0.16
0.12
0.12
0.1
0.14
0.06
0.12
0.08
0.12
0.08
0.16
0.1
0.66
0.1
0.16
0.22
0.1
0.1
0.08
0.1
0.12
0.14
0.14
0.1
0.12
0.28
0.1
0.12
0.22
0.16
0.14
0.1
0.2
0.1
0.10083333333333332
0.4
0.08
0.1
0.08
0.1
0.12
0.1
0.22
0.06
0.06
0.28
0.14
0.12
0.12
0.08
0.06
0.28
0.14
0.12
0.16
0.08
0.08
0.1
0.18
0.1
0.08
0.14
0.3
0.12
0.08
0.12
0.18
0.12
0.2
0.12
0.1
0.08
0.2
0.1
0.4703333333333333
0.1
0.1
0.12
0.1
0.22
0.1
0.08
0.12
0.1
0.1
0.18
0.12
0.12
0.14
0.14
0.18
0.18
0.14
0.66
0.1
0.26
0.1
0.2
0.1
0.12
0.22
0.12
0.12
0.1
0.2
0.08
0.14
0.12
0.4703333333333333
0.1
0.08
0.06
0.14
0.08
0.42
0.14
0.4
0.08
0.06
0.16
0.08
0.12
0.18
0.12
0.14
0.06
0.1
0.22
0.14
0.16
0.14
0.12
0.12
0.1
0.33269047619047626
0.12
0.12
0.14
0.08
0.16
0.16
0.14
0.12
0.1
0.12
0.24
0.1
0.12
0.08
0.08
0.1
0.14
0.06
0.1
0.18
0.16
0.08
0.14
0.08
0.08
0.14
0.1
0.1
0.1
0.08
0.06
0.14
0.16
0.1
0.12
0.16
0.12
0.28
0.16
0.12
0.08
0.14
0.06
